CACHE type 5 produced by analog 6.0/Unix. Do not modify or delete!
T	0	0	366	28	6	6	8813154
D	26319193	26334950
18277	62	14	1	405582
18277	64	16	0	54955
18277	65	12	0	34505
18277	66	32	0	167345
18277	67	55	5	640719
18277	68	34	0	156964
18277	69	34	0	203817
18278	17	1	1	0
18278	21	1	1	4936
18278	30	1	1	4936
18278	189	7	1	366445
18278	232	6	0	192205
18278	272	24	0	1446036
18278	280	1	1	4936
18279	4	1	1	0
18279	85	15	0	915223
18279	89	9	0	553714
18279	114	1	1	4936
18279	216	1	1	0
18279	243	1	1	0
18279	283	1	1	4936
18280	62	12	0	723018
18281	41	1	1	0
18281	286	1	1	4936
18282	102	9	0	553714
18283	39	3	0	175884
18283	263	7	0	366445
18284	28	2	2	0
18284	71	1	1	0
18285	48	11	2	386189
18285	53	33	1	525555
18285	60	1	1	0
18286	17	1	1	0
18286	54	6	0	361509
18286	82	9	0	553714
18287	57	1	1	0
18288	46	1	1	0
1	6	0	1	0	26330667	26319201	0	26319194	26319201	0	47460	/home/addAccount
1	9	0	0	0	26330667	0	0	26319193	0	0	44424	/images/tarek-correa-2mV2ibHWWTk-unsplash.jpg
1	1	0	0	0	26330668	0	0	26330668	0	0	7299	/home/editWordpressPlugin?id=3
1	1	0	0	0	26319212	0	0	26319212	0	0	7341	/home/addWordpressPlugin
1	2	0	0	0	26319229	0	0	26319220	0	0	9872	/index
1	4	4	0	0	26334950	0	0	26326073	0	0	4936	/?101.4.60.64
1	5	0	0	0	26330668	0	0	26319200	0	0	37735	/home/server
1	4	0	0	0	26319216	0	0	26319213	0	0	30596	/home/addUser
1	23	23	0	0	26333567	0	0	26319193	0	0	69104	/
1	2	0	0	0	26319224	0	0	26319209	0	0	146	/api/syncWordpress
1	1	0	0	0	26319208	0	0	26319208	0	0	82	/api/deployWordpress
1	28	0	0	0	26332254	0	0	26319193	0	0	2662512	/public/bower_components/bootstrap-table/dist/bootstrap-table.min.js
1	7	0	0	1	26319227	0	26319205	26319201	0	26319205	93583	/home/manageEnvironments?id=1
1	3	0	0	0	26332254	0	0	26323511	0	0	63771	/public/bower_components/popper.js/dist/umd/popper.min.js?101.4.60.64
1	0	0	5	0	0	26330667	0	0	26319193	0	0	/session/start
1	21	0	0	0	26332254	0	0	26319193	0	0	2871270	/public/bower_components/bootstrap/dist/css/bootstrap.min.css
1	1	0	0	0	26327717	0	0	26327717	0	0	4936	/robots.txt
1	90	0	0	0	26330668	0	0	26319193	0	0	444240	/favicon.ico
1	3	0	0	0	26319222	0	0	26319210	0	0	21927	/home/pluginPackages
1	12	0	0	0	26330667	0	0	26319201	0	0	89895	/home/account
1	25	0	0	0	26332254	0	0	26319193	0	0	425140	/public/bower_components/popper.js/dist/umd/popper.min.js
1	1	0	0	0	26322187	0	0	26322187	0	0	8775	/public/bower_components/bootstrap-table/dist/bootstrap-table.min.css?101.4.60.64
1	21	0	0	0	26332254	0	0	26319193	0	0	18252	/public/css/styles.css
1	7	0	0	0	26330668	0	0	26319212	0	0	51093	/home/plans
1	4	0	0	0	26330667	0	0	26319212	0	0	29332	/home/addPlan
1	2	0	0	1	26319222	0	26319210	26319212	0	26319210	15180	/home/editPluginPackage?id=1
1	0	0	0	2	0	0	26319220	0	0	26319218	0	/home/editPlan?id=1
1	1	0	0	0	26319227	0	0	26319227	0	0	35	/api/getEnvironment?account_id=1&environment_id=3
1	20	0	0	0	26332254	0	0	26319193	0	0	149175	/public/bower_components/bootstrap-table/dist/bootstrap-table.min.css
1	6	0	0	0	26330668	0	0	26319212	0	0	47895	/home/users
1	2	0	0	0	26319227	0	0	26319222	0	0	70	/api/getEnvironment?account_id=1&environment_id=2
1	9	0	0	0	26330667	0	0	26319193	0	0	58923	/home
1	9	0	0	0	26319224	0	0	26319207	0	0	315	/api/getEnvironment?account_id=1&environment_id=1
1	28	0	0	0	26332254	0	0	26319193	0	0	1440240	/public/bower_components/bootstrap/dist/js/bootstrap.min.js
1	1	1	0	0	26321265	0	0	26321265	0	0	4936	/?52.114.6.38
1	1	0	0	0	26328838	0	0	26328838	0	0	4936	/robots.txt?101.4.60.64
1	5	0	0	0	26330668	0	0	26319212	0	0	39170	/home/wordpressPlugins
1	1	0	0	0	26319212	0	0	26319212	0	0	8558	/home/addServer
1	0	0	0	2	0	0	26319229	0	0	26319210	0	/home/editAccount?id=1
3	33	0	0	2	26330667	0	26319229	26319201	0	26319210	170315	https://ipstech.app/home/account
3	4	0	0	0	26319222	0	0	26319212	0	0	24666	https://ipstech.app/home/editPluginPackage?id=1
3	1	1	0	0	26319215	0	0	26319215	0	0	4936	https://serv.anova-host.co.uk:2087/
3	10	0	0	0	26330668	0	0	26319212	0	0	63228	https://ipstech.app/home/wordpressPlugins
3	12	0	0	0	26323511	0	0	26321682	0	0	723018	http://www.ipstech.app/
3	6	0	0	1	26319222	0	26319210	26319210	0	26319210	37329	https://ipstech.app/home/pluginPackages
3	11	0	0	2	26330668	0	26319220	26319212	0	26319218	64877	https://ipstech.app/home/plans
3	3	0	0	0	26319229	0	0	26319210	0	0	14808	https://ipstech.app/home/editAccount?id=1
3	86	0	0	0	26332254	0	0	26321266	0	0	5277876	http://ipstech.app/
3	8	0	0	0	26330667	0	0	26319212	0	0	49723	https://ipstech.app/home/addPlan
3	3	0	0	0	26319220	0	0	26319218	0	0	14808	https://ipstech.app/home/editPlan?id=1
3	11	0	0	0	26330668	0	0	26319212	0	0	66427	https://ipstech.app/home/users
3	20	0	0	0	26330667	0	0	26319193	0	0	121222	https://ipstech.app/home
3	41	0	3	0	26330667	26330667	0	26319193	26319193	0	1534781	https://ipstech.app/
3	8	0	0	0	26319216	0	0	26319213	0	0	43180	https://ipstech.app/home/addUser
3	13	0	1	0	26330667	26319201	0	26319194	26319201	0	81252	https://ipstech.app/home/addAccount
3	28	0	0	0	26319227	0	0	26319201	0	0	73385	https://ipstech.app/home/manageEnvironments?id=1
3	1	0	0	0	26330668	0	0	26330668	0	0	4936	https://ipstech.app/home/editWordpressPlugin?id=3
3	2	0	0	0	26319212	0	0	26319212	0	0	12770	https://ipstech.app/home/addWordpressPlugin
3	6	0	2	0	26319229	26319229	0	26319220	26319220	0	32838	https://ipstech.app/index
3	2	0	0	0	26319212	0	0	26319212	0	0	12483	https://ipstech.app/home/addServer
3	17	0	0	0	26330668	0	0	26319200	0	0	70375	https://ipstech.app/home/server
4	6	0	0	0	26321266	0	0	26321266	0	0	361509	Mozilla/5.0 (Windows NT 10.0; Win64; x64) AppleWebKit/537.36 (KHTML, like Gecko) Chrome/78.0.3904.87 Safari/537.36
4	12	0	0	0	26332254	0	0	26322187	0	0	768820	Mozilla/5.0 (Windows NT 6.1; Win64; x64) AppleWebKit/537.36 (KHTML, like Gecko) Chrome/68.0.3440.106 Safari/537.36
4	6	0	0	0	26328838	0	0	26328838	0	0	361509	Mozilla/5.0 (Linux; Android 6.0.1; Nexus 5X Build/MMB29P) AppleWebKit/537.36 (KHTML, like Gecko) Chrome/41.0.2272.96 Mobile Safari/537.36 (compatible; Googlebot/2.1; +http://www.google.com/bot.html)
4	6	0	0	0	26321482	0	0	26321482	0	0	192205	Mozilla/5.0 (Linux; Android 6.0; Nexus 5 Build/MRA58N) AppleWebKit/537.36 (KHTML, like Gecko) Chrome/75.0.3770.142 Mobile Safari/537.36
4	195	5	5	6	26319229	26319229	26319229	26319193	26319193	26319205	1654015	Mozilla/5.0 (Windows NT 10.0; Win64; x64) AppleWebKit/537.36 (KHTML, like Gecko) Chrome/79.0.3945.88 Safari/537.36
4	1	1	0	0	26330642	0	0	26330642	0	0	4936	Slackbot-LinkExpanding 1.0 (+https://api.slack.com/robots)
4	36	0	0	0	26323511	0	0	26321682	0	0	2169054	Mozilla/5.0 (Linux; U; Android 8.1.0; zh-CN; EML-AL00 Build/HUAWEIEML-AL00) AppleWebKit/537.36 (KHTML, like Gecko) Version/4.0 Chrome/57.0.2987.108 baidu.sogo.uc.UCBrowser/11.9.4.974 UWS/2.13.1.48 Mobile Safari/537.36 AliApp(DingTalk/4.5.11) com.alibaba.android.rimet/10487439 Channel/227200 language/zh-CN
4	6	0	0	0	26322187	0	0	26322187	0	0	361509	Mozilla/4.0 (compatible; MSIE 8.0; Windows NT 6.1; WOW64; Trident/4.0; SLCC2; .NET CLR 2.0.50727; .NET CLR 3.5.30729; .NET CLR 3.0.30729; Media Center PC 6.0; .NET4.0C; .NET4.0E; InfoPath.2)
4	1	0	0	0	26330642	0	0	26330642	0	0	4936	Slackbot 1.0 (+https://api.slack.com/robots)
4	2	2	0	0	26322976	0	0	26322844	0	0	0	Mozilla/5.0 (Windows NT 6.1; Win64; x64) AppleWebKit/537.36 (KHTML, like Gecko) Chrome/76.0.3809.100 Safari/537.36
4	2	0	0	0	26327717	0	0	26327717	0	0	170948	Mozilla/5.0 AppleWebKit/537.36 (KHTML, like Gecko; compatible; Googlebot/2.1; +http://www.google.com/bot.html) Safari/537.36
4	1	1	0	0	26329100	0	0	26329100	0	0	0	Mozilla/5.0 (Windows NT 6.4; WOW64) AppleWebKit/537.36 (KHTML, like Gecko) Chrome/41.0.2225.0 Safari/537.36
4	1	1	0	0	26329100	0	0	26329100	0	0	0	Mozilla/5.0 (Windows NT 6.3; WOW64) AppleWebKit/537.36 (KHTML, like Gecko) Chrome/41.0.2226.0 Safari/537.36
4	1	1	0	0	26321721	0	0	26321721	0	0	4936	Mozilla/5.0 (Windows NT 5.1; rv:13.0) Gecko/20100101 Firefox/13.0.1
4	1	1	0	0	26322330	0	0	26322330	0	0	4936	Mozilla/5.0 (Windows NT 10.0; WOW64; rv:49.0) Gecko/20100101 Firefox/49.0
4	33	1	1	0	26330668	26330667	0	26330667	26330667	0	525555	Mozilla/5.0 (Macintosh; Intel Mac OS X 10_15_2) AppleWebKit/537.36 (KHTML, like Gecko) Chrome/79.0.3945.117 Safari/537.36
4	2	0	0	0	26328838	0	0	26327717	0	0	9872	Mozilla/5.0 (compatible; Googlebot/2.1; +http://www.google.com/bot.html)
4	1	1	0	0	26321265	0	0	26321265	0	0	4936	Mozilla/5.0 (Linux; Android 8.0; Pixel 2 Build/OPD3.170816.012) AppleWebKit/537.36 (KHTML, like Gecko) Chrome/75.0.3765.0 Mobile Safari/537.36
4	2	1	0	0	26319216	0	0	26319216	0	0	9872	Mozilla/5.0 (Windows NT 6.1; WOW64) SkypeUriPreview Preview/0.5
4	2	2	0	0	26320474	0	0	26320427	0	0	9872	Mozilla/5.0 (X11; Ubuntu; Linux x86_64; rv:58.0) Gecko/20100101 Firefox/58.0
4	9	1	0	0	26330641	0	0	26330641	0	0	376317	Mozilla/5.0 (Windows NT 10.0; Win64; x64) AppleWebKit/537.36 (KHTML, like Gecko) Chrome/79.0.3945.117 Safari/537.36
4	9	9	0	0	26334950	0	0	26320406	0	0	4936	Go-http-client/1.1
4	6	0	0	0	26332114	0	0	26332113	0	0	361509	Mozilla/5.0 (Windows NT 6.2; Win64; x64; rv:59.0) Gecko/20100101 Firefox/59.0
4	24	0	0	0	26332254	0	0	26322187	0	0	1446036	Mozilla/5.0 (X11; Linux x86_64) AppleWebKit/537.36 (KHTML, like Gecko) HeadlessChrome/78.0.3904.70 Safari/537.36
4	1	1	0	0	26326073	0	0	26326073	0	0	4936	Mozilla/5.0 (X11; Ubuntu; Linux x86_64; rv:15.0) Gecko/20100101 Firefox/15.0.1
5	1	1	0	0	26320427	0	0	26320427	0	0	4936	melia.onyphe.io
5	1	1	0	0	26329100	0	0	26329100	0	0	0	138.197.143.26
5	6	0	0	0	26322187	0	0	26322187	0	0	361509	65.154.226.109
5	2	2	0	0	26326073	0	0	26321721	0	0	9872	scanner4.ispsystem.net
5	6	0	0	0	26323511	0	0	26321683	0	0	361509	180.163.220.68
5	7	0	0	0	26323511	0	0	26321682	0	0	475105	180.163.220.67
5	2	0	0	0	26321266	0	0	26321266	0	0	132195	104.192.108.9
5	3	0	0	0	26321684	0	0	26321682	0	0	102524	180.163.220.66
5	1	1	0	0	26323179	0	0	26323179	0	0	4936	ec2-54-188-179-215.us-west-2.compute.amazonaws.com
5	9	0	0	0	26322207	0	0	26322207	0	0	553714	65.154.226.100
5	3	0	0	0	26328838	0	0	26328838	0	0	73721	crawl-66-249-64-29.googlebot.com
5	4	4	0	0	26333567	0	0	26320406	0	0	0	ec2-35-162-70-167.us-west-2.compute.amazonaws.com
5	2	1	0	0	26330642	0	0	26330642	0	0	9872	ec2-107-22-33-44.compute-1.amazonaws.com
5	1	1	0	0	26320474	0	0	26320474	0	0	4936	heath.onyphe.io
5	3	0	0	0	26327717	0	0	26327717	0	0	175884	crawl-66-249-66-133.googlebot.com
5	2	2	0	0	26322976	0	0	26322844	0	0	0	91.241.19.38
5	118	4	3	3	26330641	26319229	26319229	26319215	26319216	26319218	1302341	host217-36-14-45.in-addr.btopenworld.com
5	86	2	2	3	26319216	26319201	26319210	26319193	26319193	26319205	727991	202-142-132-158.static.nbn.mel.aussiebb.net
5	2	1	0	0	26319216	0	0	26319216	0	0	9872	52.114.6.38
5	27	0	0	0	26332254	0	0	26322187	0	0	1661142	65.154.226.220
5	3	3	0	0	26334950	0	0	26321784	0	0	0	ec2-52-41-211-72.us-west-2.compute.amazonaws.com
5	1	1	0	0	26329100	0	0	26329100	0	0	0	138.197.144.119
5	1	1	0	0	26329319	0	0	26329319	0	0	0	ec2-52-34-24-33.us-west-2.compute.amazonaws.com
5	12	0	0	0	26323511	0	0	26321683	0	0	723018	hn.kd.ny.adsl
5	1	1	0	0	26322330	0	0	26322330	0	0	4936	181.215.75.116
5	33	1	1	0	26330668	26330667	0	26330667	26330667	0	525555	176.59.110.43
5	3	0	0	0	26321683	0	0	26321683	0	0	169304	180.163.220.5
5	2	0	0	0	26323511	0	0	26321682	0	0	319030	180.163.220.4
5	4	0	0	0	26321266	0	0	26321266	0	0	229314	104.192.108.10
5	3	0	0	0	26321684	0	0	26321682	0	0	18564	180.163.220.3
5	1	1	0	0	26321265	0	0	26321265	0	0	4936	171.13.14.16
5	4	0	0	0	26328838	0	0	26328838	0	0	292724	crawl-66-249-64-28.googlebot.com
5	6	0	0	0	26321482	0	0	26321482	0	0	192205	101.4.60.64
z	0	34	12	26334950	0
z	2	15	0	26319227	648
z	3	18	0	26332254	18252
z	4	206	16	26332254	1248625
z	5	51	0	26332254	2011847
z	6	42	0	26332254	5533782
c	200	347	26334950
c	302	6	26330667
c	304	19	26319224
c	404	4	26319229
c	500	2	26319210
