CACHE type 5 produced by analog 6.0/Unix. Do not modify or delete!
T	0	0	95	50	0	2	327752
D	26319131	26334950
18277	50	26	0	1976
18277	104	2	1	9872
18278	17	2	2	9872
18278	21	1	1	4936
18278	30	1	1	4936
18278	119	1	1	4936
18278	189	2	1	9872
18278	232	1	1	4936
18278	272	7	5	34552
18279	4	1	1	4936
18279	85	5	3	24680
18279	89	3	2	14808
18279	139	1	1	4936
18279	205	1	1	4936
18280	19	1	0	4936
18280	29	1	1	4936
18280	62	4	2	19744
18280	261	1	1	4936
18281	41	1	1	4936
18282	102	3	2	14808
18282	206	2	2	9872
18283	31	2	1	9872
18283	208	1	0	4936
18283	263	2	1	9872
18284	28	2	2	0
18284	46	1	0	4936
18284	71	1	1	4936
18284	148	2	2	9872
18284	265	1	1	4936
18285	60	1	1	4936
18285	285	1	1	0
18286	17	1	1	4936
18286	31	1	0	4936
18286	32	1	1	4936
18286	54	1	1	4936
18286	82	3	2	14808
18286	167	2	1	9872
18287	34	3	2	14808
18287	57	1	1	4936
18288	46	1	1	4936
1	0	0	0	1	0	0	26324992	0	0	26324992	0	/blog/index.php?host-77-236-223-93.edera.cz
1	1	1	0	0	26320916	0	0	26320916	0	0	4936	/?ec2-52-34-38-59.us-west-2.compute.amazonaws.com
1	42	42	0	0	26333566	0	0	26319401	0	0	192504	/
1	1	0	0	0	26323295	0	0	26323295	0	0	4936	/index.php
1	1	0	0	0	26319401	0	0	26319401	0	0	4936	/ads.txt
1	1	0	0	0	26319131	0	0	26319131	0	0	64	/.well-known/pki-validation/EFB35A6B9FFB72CC513ED9FD6C0FA6DC.txt?serv.anova-host.co.uk
1	1	0	0	0	26329192	0	0	26329192	0	0	4936	/wp-json/contact-form-7/v1
1	0	0	0	1	0	0	26327113	0	0	26327113	0	/xmlrpc.php
1	9	0	0	0	26332254	0	0	26321266	0	0	44424	/images/tarek-correa-2mV2ibHWWTk-unsplash.jpg
1	1	0	0	0	26328561	0	0	26328561	0	0	4936	/wp-login.php?host-77-236-223-93.edera.cz
1	7	7	0	0	26334950	0	0	26322187	0	0	34552	/?101.4.60.64
1	6	0	0	0	26333452	0	0	26321680	0	0	29616	/robots.txt
1	1	0	0	0	26319131	0	0	26319131	0	0	64	/.well-known/pki-validation/EFB35A6B9FFB72CC513ED9FD6C0FA6DC.txt
1	24	0	0	0	26319131	0	0	26319131	0	0	1848	/.well-known/pki-validation/73AEC4A11E90FA1607E86DF96878F8F9.txt
3	8	1	0	0	26332254	0	0	26321266	0	0	39488	http://ipstech.app/
3	6	6	0	0	26323511	0	0	26321682	0	0	29616	http://baidu.com/
3	3	1	0	0	26333452	0	0	26321683	0	0	14808	http://www.ipstech.app/
3	1	1	0	0	26322187	0	0	26322187	0	0	4936	http://www.bing.com/search?q=amazon
3	1	0	0	0	26333452	0	0	26333452	0	0	4936	http://www.ipstech.app/robots.txt
4	4	4	0	0	26332254	0	0	26322187	0	0	19744	Mozilla/5.0 (Windows NT 6.1; Win64; x64) AppleWebKit/537.36 (KHTML, like Gecko) Chrome/68.0.3440.106 Safari/537.36
4	2	1	0	0	26321266	0	0	26321266	0	0	9872	Mozilla/5.0 (Windows NT 10.0; Win64; x64) AppleWebKit/537.36 (KHTML, like Gecko) Chrome/78.0.3904.87 Safari/537.36
4	2	2	0	0	26332678	0	0	26328838	0	0	9872	Mozilla/5.0 (Linux; Android 6.0.1; Nexus 5X Build/MMB29P) AppleWebKit/537.36 (KHTML, like Gecko) Chrome/41.0.2272.96 Mobile Safari/537.36 (compatible; Googlebot/2.1; +http://www.google.com/bot.html)
4	1	1	0	0	26321482	0	0	26321482	0	0	4936	Mozilla/5.0 (Linux; Android 6.0; Nexus 5 Build/MRA58N) AppleWebKit/537.36 (KHTML, like Gecko) Chrome/75.0.3770.142 Mobile Safari/537.36
4	2	1	0	0	26333452	0	0	26333452	0	0	9872	Mozilla/5.0 (Macintosh; Intel Mac OS X 10_12_1) AppleWebKit/537.36 (KHTML, like Gecko) Chrome/58.0.3029.110 Safari/537.36
4	9	6	0	0	26323511	0	0	26321682	0	0	44424	Mozilla/5.0 (Linux; U; Android 8.1.0; zh-CN; EML-AL00 Build/HUAWEIEML-AL00) AppleWebKit/537.36 (KHTML, like Gecko) Version/4.0 Chrome/57.0.2987.108 baidu.sogo.uc.UCBrowser/11.9.4.974 UWS/2.13.1.48 Mobile Safari/537.36 AliApp(DingTalk/4.5.11) com.alibaba.android.rimet/10487439 Channel/227200 language/zh-CN
4	1	1	0	0	26320406	0	0	26320406	0	0	4936	Mozilla/5.0 (X11; Linux x86_64) AppleWebKit/537.36 (KHTML, like Gecko) Chrome/76.0.3809.100 Safari/537.36
4	1	1	0	0	26330286	0	0	26330286	0	0	4936	Mozilla/5.0 (Windows NT 10.0; Win64; x64) AppleWebKit/537.36 (KHTML, like Gecko) Chrome/66.0.3359.170 Safari/537.36 OPR/53.0.2907.68
4	1	1	0	0	26333452	0	0	26333452	0	0	4936	Mozilla
4	1	1	0	0	26324505	0	0	26324505	0	0	4936	Mozilla/5.0 (Windows NT 10.0; Win64; x64) AppleWebKit/537.36 (KHTML, like Gecko) Chrome/72.0.3626.121 Safari/537.36
4	2	1	0	0	26322187	0	0	26322187	0	0	9872	Mozilla/4.0 (compatible; MSIE 8.0; Windows NT 6.1; WOW64; Trident/4.0; SLCC2; .NET CLR 2.0.50727; .NET CLR 3.5.30729; .NET CLR 3.0.30729; Media Center PC 6.0; .NET4.0C; .NET4.0E; InfoPath.2)
4	26	0	0	0	26319131	0	0	26319131	0	0	1976	COMODO DCV
4	2	2	0	1	26327113	0	26327113	26327113	0	26327113	9872	Mozilla/5.0 (Windows; U; Windows NT 5.1; en-US; rv:1.9.0.1) Gecko/2008070208 Firefox/3.0.1
4	2	1	0	0	26319401	0	0	26319401	0	0	9872	Mozilla/5.0 (Windows NT 10.0; Win64; x64; rv:71.0) Gecko/20100101 Firefox/71.0
4	2	1	0	0	26321680	0	0	26321680	0	0	9872	Mozilla/5.0 (compatible; ips-agent)
4	1	1	0	0	26329100	0	0	26329100	0	0	0	Mozilla/5.0 (Windows NT 6.3; WOW64) AppleWebKit/537.36 (KHTML, like Gecko) Chrome/41.0.2226.0 Safari/537.36
4	2	2	0	0	26329703	0	0	26329703	0	0	9872	Mozilla/5.0 (Macintosh; Intel Mac OS X 10_9_3) AppleWebKit/537.36 (KHTML, like Gecko) Chrome/35.0.1916.47 Safari/537.36
4	1	1	0	0	26329100	0	0	26329100	0	0	0	Mozilla/5.0 (Windows NT 6.4; WOW64) AppleWebKit/537.36 (KHTML, like Gecko) Chrome/41.0.2225.0 Safari/537.36
4	6	2	0	0	26332678	0	0	26327679	0	0	29616	Mozilla/5.0 (compatible; Googlebot/2.1; +http://www.google.com/bot.html)
4	1	1	0	0	26322455	0	0	26322455	0	0	4936	Mozilla/5.0 (Windows NT 10.0; Win64; x64) AppleWebKit/537.36 (KHTML, like Gecko) Chrome/76.0.3809.132 Safari/537.36
4	2	2	0	0	26320474	0	0	26320427	0	0	9872	Mozilla/5.0 (X11; Ubuntu; Linux x86_64; rv:58.0) Gecko/20100101 Firefox/58.0
4	2	0	0	1	26328561	0	26324992	26323295	0	26324992	9872	Mozilla/5.0 (X11; Ubuntu; Linux x86_64; rv:62.0) Gecko/20100101 Firefox/62.0
4	1	0	0	0	26329192	0	0	26329192	0	0	4936	Mozilla/5.0 (Windows; U; Windows NT 5.1; en-US; rv:1.8.1.13) Gecko/20080311 Firefox/2.0.0.13
4	1	1	0	0	26322786	0	0	26322786	0	0	4936	Mozilla/4.0 (compatible; MSIE 6.0; Windows NT 5.1)
4	10	10	0	0	26334950	0	0	26320406	0	0	49360	Mozilla/5.0 (Windows NT 10.0; Win64; x64)AppleWebKit/537.36 (KHTML, like Gecko) Chrome/66.0.3359.181 Safari/537.36
4	1	1	0	0	26332113	0	0	26332113	0	0	4936	Mozilla/5.0 (Windows NT 6.2; Win64; x64; rv:59.0) Gecko/20100101 Firefox/59.0
4	8	4	0	0	26332254	0	0	26322187	0	0	39488	Mozilla/5.0 (X11; Linux x86_64) AppleWebKit/537.36 (KHTML, like Gecko) HeadlessChrome/78.0.3904.70 Safari/537.36
5	4	3	0	0	26332678	0	0	26327679	0	0	19744	crawl-66-249-66-155.googlebot.com
5	1	0	0	0	26328561	0	0	26328561	0	0	4936	li1182-168.members.linode.com
5	2	1	0	0	26322187	0	0	26322187	0	0	9872	65.154.226.109
5	3	2	0	0	26333452	0	0	26333452	0	0	14808	69.160.160.119
5	1	1	0	0	26332113	0	0	26332113	0	0	4936	we.love.servers.at.ioflood.net
5	0	0	0	1	0	0	26324992	0	0	26324992	0	static.200.119.240.126.gtdinternet.com
5	1	1	0	0	26321682	0	0	26321682	0	0	4936	180.163.220.67
5	2	1	0	0	26321266	0	0	26321266	0	0	9872	104.192.108.9
5	2	1	0	0	26321680	0	0	26321680	0	0	9872	69.58.178.59
5	1	1	0	0	26323347	0	0	26323347	0	0	4936	ec2-52-35-152-11.us-west-2.compute.amazonaws.com
5	3	2	0	0	26322207	0	0	26322207	0	0	14808	65.154.226.100
5	1	1	0	0	26331826	0	0	26331826	0	0	0	165.22.103.151
5	1	1	0	0	26320406	0	0	26320406	0	0	4936	ec2-52-12-205-143.us-west-2.compute.amazonaws.com
5	1	1	0	0	26329100	0	0	26329100	0	0	0	165.227.35.253
5	1	1	0	0	26330286	0	0	26330286	0	0	4936	151.106.12.250
5	1	1	0	0	26320427	0	0	26320427	0	0	4936	heath.onyphe.io
5	1	1	0	0	26320406	0	0	26320406	0	0	4936	ec2-52-34-38-59.us-west-2.compute.amazonaws.com
5	1	1	0	0	26329319	0	0	26329319	0	0	4936	ec2-34-220-220-70.us-west-2.compute.amazonaws.com
5	1	1	0	0	26333566	0	0	26333566	0	0	4936	ec2-34-222-78-100.us-west-2.compute.amazonaws.com
5	2	2	0	0	26329703	0	0	26329703	0	0	9872	15.84.corp.black
5	14	0	0	0	26319131	0	0	26319131	0	0	1052	serv.anova-host.co.uk
5	1	1	0	0	26330704	0	0	26330704	0	0	4936	ec2-54-202-7-50.us-west-2.compute.amazonaws.com
5	1	1	0	0	26322786	0	0	26322786	0	0	4936	host-77-236-223-93.edera.cz
5	1	1	0	0	26328838	0	0	26328838	0	0	4936	crawl-66-249-64-26.googlebot.com
5	2	0	0	0	26332678	0	0	26331999	0	0	9872	crawl-66-249-66-157.googlebot.com
5	1	1	0	0	26324846	0	0	26324846	0	0	4936	ec2-54-213-219-249.us-west-2.compute.amazonaws.com
5	1	0	0	0	26329192	0	0	26329192	0	0	4936	37.221.113.99
5	9	6	0	0	26332254	0	0	26322187	0	0	44424	65.154.226.220
5	2	2	0	1	26327113	0	26327113	26327113	0	26327113	9872	gwc.cluster027.hosting.ovh.net
5	2	1	0	0	26319401	0	0	26319401	0	0	9872	133.ip-167-114-226.eu
5	1	1	0	0	26329100	0	0	26329100	0	0	0	138.197.144.119
5	1	1	0	0	26331926	0	0	26331926	0	0	4936	ec2-35-165-160-24.us-west-2.compute.amazonaws.com
5	3	2	0	0	26323511	0	0	26321682	0	0	14808	hn.kd.ny.adsl
5	1	1	0	0	26324505	0	0	26324505	0	0	4936	r43.static.amanah.com
5	1	1	0	0	26322455	0	0	26322455	0	0	4936	67.207.205.134
5	1	1	0	0	26320474	0	0	26320474	0	0	4936	colton.onyphe.io
5	1	0	0	0	26323295	0	0	26323295	0	0	4936	204.ip-164-132-108.eu
5	3	1	0	0	26323511	0	0	26321683	0	0	14808	180.163.220.4
5	1	1	0	0	26334950	0	0	26334950	0	0	4936	ec2-34-217-99-25.us-west-2.compute.amazonaws.com
5	2	2	0	0	26321684	0	0	26321683	0	0	9872	180.163.220.3
5	1	1	0	0	26320916	0	0	26320916	0	0	4936	ec2-54-149-175-123.us-west-2.compute.amazonaws.com
5	12	0	0	0	26319131	0	0	26319131	0	0	924	secure.trust-provider.net
5	1	1	0	0	26321784	0	0	26321784	0	0	4936	ec2-54-186-132-29.us-west-2.compute.amazonaws.com
5	1	0	0	0	26328838	0	0	26328838	0	0	4936	crawl-66-249-64-28.googlebot.com
5	1	1	0	0	26321482	0	0	26321482	0	0	4936	101.4.60.64
z	0	3	3	26331826	0
z	2	26	0	26319131	1976
z	4	66	47	26334950	325776
c	200	95	26334950
c	403	1	26327113
c	404	1	26324992
